% time-domain voltage integration by openEMS v0.0.36-133-gb0b8351 @Thu Mar 19 08:29:33 2026
% start-coordinates: (-0.00845533,0.022373,0.0013896) m -> [24,40,11]
% stop-coordinates: (-0.00845533,0.022373,0.0016) m -> [24,40,13]
% t/s	voltage
0	-0
8.8278556337e-11	-6.65559639401e-07
1.76557112674e-10	-9.93487105916e-07
2.64835669011e-10	-1.10943312848e-06
3.53114225348e-10	-5.30198860815e-07
4.41392781685e-10	1.47819832819e-06
5.29671338022e-10	5.42730140296e-06
6.17949894359e-10	1.11923181976e-05
7.06228450696e-10	1.68600863617e-05
7.94507007033e-10	1.83435622603e-05
8.8278556337e-10	9.58755481406e-06
9.71064119707e-10	-1.54232384375e-05
1.05934267604e-09	-5.86828609812e-05
1.14762123238e-09	-0.000112941397674
1.23589978872e-09	-0.00015786349104
1.32417834506e-09	-0.000160918061738
1.41245690139e-09	-8.63167842908e-05
1.50073545773e-09	8.75202204043e-05
1.58901401407e-09	0.00034657206561
1.6772925704e-09	0.000625832210062
1.76557112674e-09	0.000812123820651
1.85384968308e-09	0.000773466745159
1.94212823941e-09	0.00041282006714
2.03040679575e-09	-0.000270890348474
2.11868535209e-09	-0.00114245613804
2.20696390843e-09	-0.00193895882694
2.29524246476e-09	-0.00233993830625
2.3835210211e-09	-0.00208488537464
2.47179957744e-09	-0.0010960578802
2.56007813377e-09	0.000448222941486
2.64835669011e-09	0.00213315279689
2.73663524645e-09	0.00342796905898
2.82491380278e-09	0.00387056579348
2.91319235912e-09	0.00324592273682
3.00147091546e-09	0.00168369308813
3.0897494718e-09	-0.000370296431356
3.17802802813e-09	-0.0023026332492
3.26630658447e-09	-0.00354472768959
3.35458514081e-09	-0.003766448237
3.44286369714e-09	-0.00297738285735
3.53114225348e-09	-0.00150162028149
3.61942080982e-09	0.000156598136527
3.70769936615e-09	0.00149805663386
3.79597792249e-09	0.00219187035691
3.88425647883e-09	0.00216005218681
3.97253503517e-09	0.00156266038539
4.0608135915e-09	0.000702930934494
4.14909214784e-09	-0.000100900360849
4.23737070418e-09	-0.000624943029834
4.32564926051e-09	-0.000793509883806
4.41392781685e-09	-0.000668361986754
4.50220637319e-09	-0.000390726374462
4.59048492952e-09	-0.000108491069113
4.67876348586e-09	7.98364999355e-05
4.7670420422e-09	0.000146444777783
4.85532059854e-09	0.000121234072139
4.94359915487e-09	5.9237358073e-05
5.03187771121e-09	7.86731288827e-06
5.12015626755e-09	-1.15728948913e-05
5.20843482388e-09	-4.00405247092e-06
5.29671338022e-09	1.20752993098e-05
5.38499193656e-09	1.98692105187e-05
5.47327049289e-09	1.36054641189e-05
5.56154904923e-09	-1.23994203705e-06
5.64982760557e-09	-1.43141141962e-05
5.73810616191e-09	-1.79958697117e-05
