% time-domain current integration by openEMS v0.0.36-133-gb0b8351 @Thu Mar 19 08:29:33 2026
% start-coordinates: (-0.00895533,0.0222063,0.0013896) m -> [22,39,11]
% stop-coordinates: (-0.007622,0.022373,0.0013896) m -> [26,40,11]
% t/s	current
4.92076679693e-14	0
8.8327764005e-11	-5.9960840737e-09
1.76606320342e-10	-1.2859418419e-08
2.64884876679e-10	-1.90113489396e-08
3.53163433016e-10	-1.77025167858e-08
4.41441989353e-10	-3.06753844548e-10
5.2972054569e-10	4.46321024583e-08
6.17999102027e-10	1.21352670135e-07
7.06277658364e-10	2.21427043812e-07
7.94556214701e-10	3.07375017883e-07
8.82834771038e-10	3.07101942099e-07
9.71113327375e-10	1.24686749814e-07
1.05939188371e-09	-3.25455630446e-07
1.14767044005e-09	-1.05717458609e-06
1.23594899639e-09	-1.94201516024e-06
1.32422755272e-09	-2.66481902145e-06
1.41250610906e-09	-2.75202501143e-06
1.5007846654e-09	-1.70504677044e-06
1.58906322173e-09	7.69810981183e-07
1.67734177807e-09	4.49999106422e-06
1.76562033441e-09	8.67802009452e-06
1.85389889075e-09	1.19179685498e-05
1.94217744708e-09	1.26048071252e-05
2.03045600342e-09	9.48596789385e-06
2.11873455976e-09	2.30488785746e-06
2.20701311609e-09	-7.80477967055e-06
2.29529167243e-09	-1.84096770681e-05
2.38357022877e-09	-2.64171521849e-05
2.4718487851e-09	-2.90869393211e-05
2.56012734144e-09	-2.5030800316e-05
2.64840589778e-09	-1.47801483763e-05
2.73668445412e-09	-6.67039671498e-07
2.82496301045e-09	1.39375651997e-05
2.91324156679e-09	2.57001884165e-05
3.00152012313e-09	3.22702035191e-05
3.08979867946e-09	3.27540510625e-05
3.1780772358e-09	2.76417158602e-05
3.26635579214e-09	1.8369528334e-05
3.35463434847e-09	6.81866094965e-06
3.44291290481e-09	-5.03551109432e-06
3.53119146115e-09	-1.52977354446e-05
3.61947001749e-09	-2.22866838158e-05
3.70774857382e-09	-2.47741554631e-05
3.79602713016e-09	-2.23379156523e-05
3.8843056865e-09	-1.56594687724e-05
3.97258424283e-09	-6.52608787277e-06
4.06086279917e-09	2.59923126578e-06
4.14914135551e-09	9.34812942432e-06
4.23741991184e-09	1.22502824524e-05
4.32569846818e-09	1.12046755021e-05
4.41397702452e-09	7.39580218578e-06
4.50225558086e-09	2.70294981419e-06
4.59053413719e-09	-1.10762437089e-06
4.67881269353e-09	-3.03038723359e-06
4.76709124987e-09	-3.04274567497e-06
4.8553698062e-09	-1.87019156783e-06
4.94364836254e-09	-4.81079553083e-07
5.03192691888e-09	4.03345637778e-07
5.12020547521e-09	5.59624652396e-07
5.20848403155e-09	2.10809332657e-07
5.29676258789e-09	-2.2815339662e-07
5.38504114423e-09	-4.29298211202e-07
5.47331970056e-09	-3.0668664408e-07
5.5615982569e-09	2.17361328936e-09
5.64987681324e-09	2.74027939895e-07
5.73815536957e-09	3.51356476358e-07
